{
  "intrinsics": {
    "fx": 871.7420631871356,
    "fy": 871.7420631871356,
    "cx": 406.5,
    "cy": 323.5,
    "width": 813,
    "height": 647,
    "near": 0.01,
    "far": 10.0,
    "fov_x_deg": 50.0
  },
  "ray_marching": {
    "n_samples": 200,
    "near": 0.5,
    "far": 6.0
  },
  "frames": [
    {
      "index": 0,
      "file": "images/0000.png",
      "elevation": -60.0,
      "azimuth": 0.0,
      "R": [
        [
          1.0,
          0.0,
          -0.0
        ],
        [
          -0.0,
          -0.5000000596046448,
          -0.866025447845459
        ],
        [
          -0.0,
          0.866025447845459,
          -0.5000000596046448
        ]
      ],
      "T": [
        0.0,
        -1.1920928955078125e-07,
        3.5
      ]
    },
    {
      "index": 1,
      "file": "images/0001.png",
      "elevation": -60.0,
      "azimuth": 36.0,
      "R": [
        [
          0.9523539543151855,
          0.3014095425605774,
          -0.0466281995177269
        ],
        [
          0.0815415158867836,
          -0.39893895387649536,
          -0.9133448004722595
        ],
        [
          -0.29389265179634094,
          0.866025447845459,
          -0.404508501291275
        ]
      ],
      "T": [
        1.4901161193847656e-08,
        0.0,
        3.5
      ]
    },
    {
      "index": 2,
      "file": "images/0002.png",
      "elevation": -60.0,
      "azimuth": 72.0,
      "R": [
        [
          0.879647433757782,
          0.47003495693206787,
          -0.07271463423967361
        ],
        [
          0.009651679545640945,
          -0.17049087584018707,
          -0.9853119850158691
        ],
        [
          -0.4755282998085022,
          0.866025447845459,
          -0.15450851619243622
        ]
      ],
      "T": [
        -1.1175870895385742e-08,
        5.960464477539063e-08,
        3.5
      ]
    },
    {
      "index": 3,
      "file": "images/0003.png",
      "elevation": -60.0,
      "azimuth": 108.0,
      "R": [
        [
          0.8682556748390198,
          0.49028491973876953,
          -0.0758473128080368
        ],
        [
          -0.14143888652324677,
          0.09808532893657684,
          -0.9850757718086243
        ],
        [
          -0.4755282998085022,
          0.866025447845459,
          0.15450851619243622
        ]
      ],
      "T": [
        3.725290298461914e-09,
        -5.960464477539063e-08,
        3.5
      ]
    },
    {
      "index": 4,
      "file": "images/0004.png",
      "elevation": -60.0,
      "azimuth": 144.0,
      "R": [
        [
          0.9378189444541931,
          0.3430441915988922,
          -0.0530690997838974
        ],
        [
          -0.18472348153591156,
          0.3637591004371643,
          -0.9129932522773743
        ],
        [
          -0.29389265179634094,
          0.866025447845459,
          0.404508501291275
        ]
      ],
      "T": [
        0.0,
        -1.1920928955078125e-07,
        3.5
      ]
    },
    {
      "index": 5,
      "file": "images/0005.png",
      "elevation": -60.0,
      "azimuth": 180.0,
      "R": [
        [
          1.0,
          7.76394899315824e-17,
          -1.201086598070065e-17
        ],
        [
          -4.922146506802917e-17,
          0.5000000596046448,
          -0.866025447845459
        ],
        [
          -6.123234262925839e-17,
          0.866025447845459,
          0.5000000596046448
        ]
      ],
      "T": [
        -1.1580528575742387e-23,
        1.1920928955078125e-07,
        3.5
      ]
    },
    {
      "index": 6,
      "file": "images/0006.png",
      "elevation": -60.0,
      "azimuth": 216.0,
      "R": [
        [
          0.9378189444541931,
          -0.3430441915988922,
          0.0530690997838974
        ],
        [
          0.18472348153591156,
          0.3637591004371643,
          -0.9129932522773743
        ],
        [
          0.29389265179634094,
          0.866025447845459,
          0.404508501291275
        ]
      ],
      "T": [
        0.0,
        -1.1920928955078125e-07,
        3.5
      ]
    },
    {
      "index": 7,
      "file": "images/0007.png",
      "elevation": -60.0,
      "azimuth": 252.0,
      "R": [
        [
          0.8682556748390198,
          -0.49028491973876953,
          0.0758473128080368
        ],
        [
          0.14143888652324677,
          0.09808532893657684,
          -0.9850757718086243
        ],
        [
          0.4755282998085022,
          0.866025447845459,
          0.15450851619243622
        ]
      ],
      "T": [
        -3.725290298461914e-09,
        -5.960464477539063e-08,
        3.5
      ]
    },
    {
      "index": 8,
      "file": "images/0008.png",
      "elevation": -60.0,
      "azimuth": 288.0,
      "R": [
        [
          0.879647433757782,
          -0.47003495693206787,
          0.07271463423967361
        ],
        [
          -0.009651679545640945,
          -0.17049087584018707,
          -0.9853119850158691
        ],
        [
          0.4755282998085022,
          0.866025447845459,
          -0.15450851619243622
        ]
      ],
      "T": [
        1.1175870895385742e-08,
        5.960464477539063e-08,
        3.5
      ]
    },
    {
      "index": 9,
      "file": "images/0009.png",
      "elevation": -60.0,
      "azimuth": 324.0,
      "R": [
        [
          0.9523539543151855,
          -0.3014095425605774,
          0.0466281995177269
        ],
        [
          -0.0815415158867836,
          -0.39893895387649536,
          -0.9133448004722595
        ],
        [
          0.29389265179634094,
          0.866025447845459,
          -0.404508501291275
        ]
      ],
      "T": [
        -1.4901161193847656e-08,
        0.0,
        3.5
      ]
    },
    {
      "index": 10,
      "file": "images/0010.png",
      "elevation": -46.666666666666664,
      "azimuth": 0.0,
      "R": [
        [
          1.0,
          0.0,
          -0.0
        ],
        [
          -0.0,
          -0.686241626739502,
          -0.7273736596107483
        ],
        [
          -0.0,
          0.7273736000061035,
          -0.6862415671348572
        ]
      ],
      "T": [
        0.0,
        0.0,
        3.499999761581421
      ]
    },
    {
      "index": 11,
      "file": "images/0011.png",
      "elevation": -46.666666666666664,
      "azimuth": 36.0,
      "R": [
        [
          0.9083234667778015,
          0.3916613757610321,
          -0.14679832756519318
        ],
        [
          0.11066579073667526,
          -0.5634971261024475,
          -0.8186721801757812
        ],
        [
          -0.4033626914024353,
          0.7273736000061035,
          -0.5551811456680298
        ]
      ],
      "T": [
        2.9802322387695312e-08,
        -2.384185791015625e-07,
        3.499999761581421
      ]
    },
    {
      "index": 12,
      "file": "images/0012.png",
      "elevation": -46.666666666666664,
      "azimuth": 72.0,
      "R": [
        [
          0.7567479610443115,
          0.6121230125427246,
          -0.22942940890789032
        ],
        [
          -0.03707389533519745,
          -0.3102143704891205,
          -0.949943482875824
        ],
        [
          -0.6526545286178589,
          0.7273736000061035,
          -0.21206031739711761
        ]
      ],
      "T": [
        7.450580596923828e-08,
        5.960464477539063e-08,
        3.499999523162842
      ]
    },
    {
      "index": 13,
      "file": "images/0013.png",
      "elevation": -46.666666666666664,
      "azimuth": 108.0,
      "R": [
        [
          0.6808374524116516,
          0.685842752456665,
          -0.2570602595806122
        ],
        [
          -0.33241894841194153,
          -0.023392943665385246,
          -0.9428417086601257
        ],
        [
          -0.6526545286178589,
          0.7273736000061035,
          0.21206031739711761
        ]
      ],
      "T": [
        4.470348358154297e-08,
        5.960464477539063e-08,
        3.499999523162842
      ]
    },
    {
      "index": 14,
      "file": "images/0014.png",
      "elevation": -46.666666666666664,
      "azimuth": 144.0,
      "R": [
        [
          0.7696583867073059,
          0.5978423357009888,
          -0.22407688200473785
        ],
        [
          -0.4948984384536743,
          0.33691561222076416,
          -0.800976574420929
        ],
        [
          -0.4033626914024353,
          0.7273736000061035,
          0.5551811456680298
        ]
      ],
      "T": [
        2.9802322387695312e-08,
        1.1920928955078125e-07,
        3.499999761581421
      ]
    },
    {
      "index": 15,
      "file": "images/0015.png",
      "elevation": -46.666666666666664,
      "azimuth": 180.0,
      "R": [
        [
          1.0,
          1.7874695410913125e-16,
          -6.699602464096458e-17
        ],
        [
          -1.7139476106652312e-16,
          0.686241626739502,
          -0.7273736596107483
        ],
        [
          -8.404035909530554e-17,
          0.7273736000061035,
          0.6862415671348572
        ]
      ],
      "T": [
        -1.3234889800848443e-23,
        0.0,
        3.499999761581421
      ]
    },
    {
      "index": 16,
      "file": "images/0016.png",
      "elevation": -46.666666666666664,
      "azimuth": 216.0,
      "R": [
        [
          0.7696583867073059,
          -0.5978423357009888,
          0.22407688200473785
        ],
        [
          0.4948984384536743,
          0.33691561222076416,
          -0.800976574420929
        ],
        [
          0.4033626914024353,
          0.7273736000061035,
          0.5551811456680298
        ]
      ],
      "T": [
        -2.9802322387695312e-08,
        1.1920928955078125e-07,
        3.499999761581421
      ]
    },
    {
      "index": 17,
      "file": "images/0017.png",
      "elevation": -46.666666666666664,
      "azimuth": 252.0,
      "R": [
        [
          0.6808374524116516,
          -0.685842752456665,
          0.2570602595806122
        ],
        [
          0.33241894841194153,
          -0.023392943665385246,
          -0.9428417086601257
        ],
        [
          0.6526545286178589,
          0.7273736000061035,
          0.21206031739711761
        ]
      ],
      "T": [
        -4.470348358154297e-08,
        5.960464477539063e-08,
        3.499999523162842
      ]
    },
    {
      "index": 18,
      "file": "images/0018.png",
      "elevation": -46.666666666666664,
      "azimuth": 288.0,
      "R": [
        [
          0.7567479610443115,
          -0.6121230125427246,
          0.22942940890789032
        ],
        [
          0.03707389533519745,
          -0.3102143704891205,
          -0.949943482875824
        ],
        [
          0.6526545286178589,
          0.7273736000061035,
          -0.21206031739711761
        ]
      ],
      "T": [
        -7.450580596923828e-08,
        5.960464477539063e-08,
        3.499999523162842
      ]
    },
    {
      "index": 19,
      "file": "images/0019.png",
      "elevation": -46.666666666666664,
      "azimuth": 324.0,
      "R": [
        [
          0.9083234667778015,
          -0.3916613757610321,
          0.14679832756519318
        ],
        [
          -0.11066579073667526,
          -0.5634971261024475,
          -0.8186721801757812
        ],
        [
          0.4033626914024353,
          0.7273736000061035,
          -0.5551811456680298
        ]
      ],
      "T": [
        -2.9802322387695312e-08,
        -2.384185791015625e-07,
        3.499999761581421
      ]
    },
    {
      "index": 20,
      "file": "images/0020.png",
      "elevation": -33.33333333333333,
      "azimuth": 0.0,
      "R": [
        [
          1.0,
          0.0,
          -0.0
        ],
        [
          -0.0,
          -0.8354878425598145,
          -0.5495089888572693
        ],
        [
          -0.0,
          0.5495089292526245,
          -0.8354877829551697
        ]
      ],
      "T": [
        0.0,
        0.0,
        3.5
      ]
    },
    {
      "index": 21,
      "file": "images/0021.png",
      "elevation": -33.33333333333333,
      "azimuth": 36.0,
      "R": [
        [
          0.8667603731155396,
          0.38568446040153503,
          -0.3161865770816803
        ],
        [
          0.08694598078727722,
          -0.7411393523216248,
          -0.6656973958015442
        ],
        [
          -0.4910874366760254,
          0.5495089888572693,
          -0.6759238839149475
        ]
      ],
      "T": [
        5.960464477539063e-08,
        -2.384185791015625e-07,
        3.5
      ]
    },
    {
      "index": 22,
      "file": "images/0022.png",
      "elevation": -33.33333333333333,
      "azimuth": 72.0,
      "R": [
        [
          0.5952613353729248,
          0.6214045286178589,
          -0.5094314813613892
        ],
        [
          -0.11950299888849258,
          -0.5584768056869507,
          -0.8208670616149902
        ],
        [
          -0.7945961356163025,
          0.5495089888572693,
          -0.2581799328327179
        ]
      ],
      "T": [
        5.960464477539063e-08,
        -5.960464477539063e-08,
        3.5
      ]
    },
    {
      "index": 23,
      "file": "images/0023.png",
      "elevation": -33.33333333333333,
      "azimuth": 108.0,
      "R": [
        [
          0.31236132979393005,
          0.7346457242965698,
          -0.6022673845291138
        ],
        [
          -0.5206221342086792,
          -0.3979139029979706,
          -0.7553920149803162
        ],
        [
          -0.7945961356163025,
          0.5495089888572693,
          0.2581799328327179
        ]
      ],
      "T": [
        -1.1920928955078125e-07,
        5.960464477539063e-08,
        3.5
      ]
    },
    {
      "index": 24,
      "file": "images/0024.png",
      "elevation": -33.33333333333333,
      "azimuth": 144.0,
      "R": [
        [
          -0.007271685637533665,
          0.7733207941055298,
          -0.6339733004570007
        ],
        [
          -0.8710799217224121,
          -0.31625139713287354,
          -0.3757722079753876
        ],
        [
          -0.4910874366760254,
          0.5495089888572693,
          0.6759238839149475
        ]
      ],
      "T": [
        3.5762786865234375e-07,
        0.0,
        3.5
      ]
    },
    {
      "index": 25,
      "file": "images/0025.png",
      "elevation": -33.33333333333333,
      "azimuth": 180.0,
      "R": [
        [
          -0.9999999403953552,
          7.555055845288752e-16,
          -6.193684904824736e-16
        ],
        [
          -9.71564366434338e-16,
          -0.8354879021644592,
          0.5495089888572693
        ],
        [
          -1.0231774191027723e-16,
          0.5495089292526245,
          0.8354877829551697
        ]
      ],
      "T": [
        -2.117582368135751e-22,
        -1.1920928955078125e-07,
        3.5
      ]
    },
    {
      "index": 26,
      "file": "images/0026.png",
      "elevation": -33.33333333333333,
      "azimuth": 216.0,
      "R": [
        [
          -0.007271685637533665,
          -0.7733207941055298,
          0.6339733004570007
        ],
        [
          0.8710799217224121,
          -0.31625139713287354,
          -0.3757722079753876
        ],
        [
          0.4910874366760254,
          0.5495089888572693,
          0.6759238839149475
        ]
      ],
      "T": [
        -3.5762786865234375e-07,
        0.0,
        3.5
      ]
    },
    {
      "index": 27,
      "file": "images/0027.png",
      "elevation": -33.33333333333333,
      "azimuth": 252.0,
      "R": [
        [
          0.31236132979393005,
          -0.7346457242965698,
          0.6022673845291138
        ],
        [
          0.5206221342086792,
          -0.3979139029979706,
          -0.7553920149803162
        ],
        [
          0.7945961356163025,
          0.5495089888572693,
          0.2581799328327179
        ]
      ],
      "T": [
        1.1920928955078125e-07,
        5.960464477539063e-08,
        3.5
      ]
    },
    {
      "index": 28,
      "file": "images/0028.png",
      "elevation": -33.33333333333333,
      "azimuth": 288.0,
      "R": [
        [
          0.5952613353729248,
          -0.6214045286178589,
          0.5094314813613892
        ],
        [
          0.11950299888849258,
          -0.5584768056869507,
          -0.8208670616149902
        ],
        [
          0.7945961356163025,
          0.5495089888572693,
          -0.2581799328327179
        ]
      ],
      "T": [
        -5.960464477539063e-08,
        -5.960464477539063e-08,
        3.5
      ]
    },
    {
      "index": 29,
      "file": "images/0029.png",
      "elevation": -33.33333333333333,
      "azimuth": 324.0,
      "R": [
        [
          0.8667603731155396,
          -0.38568446040153503,
          0.3161865770816803
        ],
        [
          -0.08694598078727722,
          -0.7411393523216248,
          -0.6656973958015442
        ],
        [
          0.4910874366760254,
          0.5495089888572693,
          -0.6759238839149475
        ]
      ],
      "T": [
        -5.960464477539063e-08,
        -2.384185791015625e-07,
        3.5
      ]
    },
    {
      "index": 30,
      "file": "images/0030.png",
      "elevation": -20.0,
      "azimuth": 0.0,
      "R": [
        [
          1.0,
          0.0,
          -0.0
        ],
        [
          -0.0,
          -0.9396926760673523,
          -0.3420201539993286
        ],
        [
          -0.0,
          0.3420201241970062,
          -0.9396926164627075
        ]
      ],
      "T": [
        0.0,
        0.0,
        3.5
      ]
    },
    {
      "index": 31,
      "file": "images/0031.png",
      "elevation": -20.0,
      "azimuth": 36.0,
      "R": [
        [
          0.833212673664093,
          0.2550302743911743,
          -0.4906283915042877
        ],
        [
          0.026076190173625946,
          -0.9044234752655029,
          -0.42583829164505005
        ],
        [
          -0.5523374676704407,
          0.3420201241970062,
          -0.7602272629737854
        ]
      ],
      "T": [
        -1.1920928955078125e-07,
        -1.1920928955078125e-07,
        3.499999761581421
      ]
    },
    {
      "index": 32,
      "file": "images/0032.png",
      "elevation": -20.0,
      "azimuth": 72.0,
      "R": [
        [
          0.4214986264705658,
          0.4182434678077698,
          -0.8046187162399292
        ],
        [
          -0.1537458747625351,
          -0.8414835929870605,
          -0.5179455876350403
        ],
        [
          -0.8937007784843445,
          0.3420201241970062,
          -0.29038098454475403
        ]
      ],
      "T": [
        5.960464477539063e-08,
        1.1920928955078125e-07,
        3.499999761581421
      ]
    },
    {
      "index": 33,
      "file": "images/0033.png",
      "elevation": -20.0,
      "azimuth": 108.0,
      "R": [
        [
          -0.11109782010316849,
          0.4583601951599121,
          -0.8817954063415527
        ],
        [
          -0.434690922498703,
          -0.8203220367431641,
          -0.3716391921043396
        ],
        [
          -0.8937007784843445,
          0.3420201241970062,
          0.29038098454475403
        ]
      ],
      "T": [
        5.960464477539063e-08,
        2.9802322387695312e-08,
        3.499999761581421
      ]
    },
    {
      "index": 34,
      "file": "images/0034.png",
      "elevation": -20.0,
      "azimuth": 144.0,
      "R": [
        [
          -0.6832226514816284,
          0.33678409457206726,
          -0.6479067802429199
        ],
        [
          -0.4776296615600586,
          -0.8772677779197693,
          0.04765743762254715
        ],
        [
          -0.5523374676704407,
          0.3420201241970062,
          0.7602272629737854
        ]
      ],
      "T": [
        0.0,
        1.4901161193847656e-08,
        3.499999761581421
      ]
    },
    {
      "index": 35,
      "file": "images/0035.png",
      "elevation": -20.0,
      "azimuth": 180.0,
      "R": [
        [
          -1.0,
          7.851133829721329e-17,
          -1.5104046669977368e-16
        ],
        [
          -1.2543541509299483e-16,
          -0.9396926760673523,
          0.3420201539993286
        ],
        [
          -1.1507915352850032e-16,
          0.3420201241970062,
          0.9396926164627075
        ]
      ],
      "T": [
        5.293955920339377e-23,
        0.0,
        3.5
      ]
    },
    {
      "index": 36,
      "file": "images/0036.png",
      "elevation": -20.0,
      "azimuth": 216.0,
      "R": [
        [
          -0.6832226514816284,
          -0.33678409457206726,
          0.6479067802429199
        ],
        [
          0.4776296615600586,
          -0.8772677779197693,
          0.04765743762254715
        ],
        [
          0.5523374676704407,
          0.3420201241970062,
          0.7602272629737854
        ]
      ],
      "T": [
        0.0,
        1.4901161193847656e-08,
        3.499999761581421
      ]
    },
    {
      "index": 37,
      "file": "images/0037.png",
      "elevation": -20.0,
      "azimuth": 252.0,
      "R": [
        [
          -0.11109782010316849,
          -0.4583601951599121,
          0.8817954063415527
        ],
        [
          0.434690922498703,
          -0.8203220367431641,
          -0.3716391921043396
        ],
        [
          0.8937007784843445,
          0.3420201241970062,
          0.29038098454475403
        ]
      ],
      "T": [
        -5.960464477539063e-08,
        2.9802322387695312e-08,
        3.499999761581421
      ]
    },
    {
      "index": 38,
      "file": "images/0038.png",
      "elevation": -20.0,
      "azimuth": 288.0,
      "R": [
        [
          0.4214986264705658,
          -0.4182434678077698,
          0.8046187162399292
        ],
        [
          0.1537458747625351,
          -0.8414835929870605,
          -0.5179455876350403
        ],
        [
          0.8937007784843445,
          0.3420201241970062,
          -0.29038098454475403
        ]
      ],
      "T": [
        -5.960464477539063e-08,
        1.1920928955078125e-07,
        3.499999761581421
      ]
    },
    {
      "index": 39,
      "file": "images/0039.png",
      "elevation": -20.0,
      "azimuth": 324.0,
      "R": [
        [
          0.833212673664093,
          -0.2550302743911743,
          0.4906283915042877
        ],
        [
          -0.026076190173625946,
          -0.9044234752655029,
          -0.42583829164505005
        ],
        [
          0.5523374676704407,
          0.3420201241970062,
          -0.7602272629737854
        ]
      ],
      "T": [
        1.1920928955078125e-07,
        -1.1920928955078125e-07,
        3.499999761581421
      ]
    },
    {
      "index": 40,
      "file": "images/0040.png",
      "elevation": -6.666666666666664,
      "azimuth": 0.0,
      "R": [
        [
          1.0,
          0.0,
          -0.0
        ],
        [
          -0.0,
          -0.9932383894920349,
          -0.11609291285276413
        ],
        [
          -0.0,
          0.11609290540218353,
          -0.9932383298873901
        ]
      ],
      "T": [
        0.0,
        0.0,
        3.5
      ]
    },
    {
      "index": 41,
      "file": "images/0041.png",
      "elevation": -6.666666666666664,
      "azimuth": 36.0,
      "R": [
        [
          0.8118667602539062,
          0.07602933049201965,
          -0.5788713097572327
        ],
        [
          -0.006109739188104868,
          -0.9903242588043213,
          -0.1386387199163437
        ],
        [
          -0.5838108658790588,
          0.11609291285276413,
          -0.8035467267036438
        ]
      ],
      "T": [
        -2.384185791015625e-07,
        -5.960464477539063e-08,
        3.5
      ]
    },
    {
      "index": 42,
      "file": "images/0042.png",
      "elevation": -6.666666666666664,
      "azimuth": 72.0,
      "R": [
        [
          0.3203373849391937,
          0.12335999310016632,
          -0.9392370581626892
        ],
        [
          -0.0711761862039566,
          -0.9855479598045349,
          -0.15371794998645782
        ],
        [
          -0.9446258544921875,
          0.11609292030334473,
          -0.30692756175994873
        ]
      ],
      "T": [
        0.0,
        0.0,
        3.5
      ]
    },
    {
      "index": 43,
      "file": "images/0043.png",
      "elevation": -6.666666666666664,
      "azimuth": 108.0,
      "R": [
        [
          -0.29273736476898193,
          0.12451758235692978,
          -0.9480507373809814
        ],
        [
          -0.14827986061573029,
          -0.9854024052619934,
          -0.0836377888917923
        ],
        [
          -0.9446258544921875,
          0.11609292030334473,
          0.30692756175994873
        ]
      ],
      "T": [
        0.0,
        2.9802322387695312e-08,
        3.5
      ]
    },
    {
      "index": 44,
      "file": "images/0044.png",
      "elevation": -6.666666666666664,
      "azimuth": 144.0,
      "R": [
        [
          -0.8011690378189087,
          0.07792996615171432,
          -0.5933423042297363
        ],
        [
          -0.13150320947170258,
          -0.9901764392852783,
          0.0475136861205101
        ],
        [
          -0.5838108658790588,
          0.11609291285276413,
          0.8035467267036438
        ]
      ],
      "T": [
        2.384185791015625e-07,
        2.9802322387695312e-08,
        3.5
      ]
    },
    {
      "index": 45,
      "file": "images/0045.png",
      "elevation": -6.666666666666664,
      "azimuth": 180.0,
      "R": [
        [
          -1.0,
          1.6335359605682978e-17,
          -1.2437399016585658e-16
        ],
        [
          -3.06638466964143e-17,
          -0.9932383894920349,
          0.11609291285276413
        ],
        [
          -1.216366046734573e-16,
          0.11609290540218353,
          0.9932383298873901
        ]
      ],
      "T": [
        5.293955920339377e-23,
        0.0,
        3.5
      ]
    },
    {
      "index": 46,
      "file": "images/0046.png",
      "elevation": -6.666666666666664,
      "azimuth": 216.0,
      "R": [
        [
          -0.8011690378189087,
          -0.07792996615171432,
          0.5933423042297363
        ],
        [
          0.13150320947170258,
          -0.9901764392852783,
          0.0475136861205101
        ],
        [
          0.5838108658790588,
          0.11609291285276413,
          0.8035467267036438
        ]
      ],
      "T": [
        -2.384185791015625e-07,
        2.9802322387695312e-08,
        3.5
      ]
    },
    {
      "index": 47,
      "file": "images/0047.png",
      "elevation": -6.666666666666664,
      "azimuth": 252.0,
      "R": [
        [
          -0.29273736476898193,
          -0.12451758235692978,
          0.9480507373809814
        ],
        [
          0.14827986061573029,
          -0.9854024052619934,
          -0.0836377888917923
        ],
        [
          0.9446258544921875,
          0.11609292030334473,
          0.30692756175994873
        ]
      ],
      "T": [
        0.0,
        2.9802322387695312e-08,
        3.5
      ]
    },
    {
      "index": 48,
      "file": "images/0048.png",
      "elevation": -6.666666666666664,
      "azimuth": 288.0,
      "R": [
        [
          0.3203373849391937,
          -0.12335999310016632,
          0.9392370581626892
        ],
        [
          0.0711761862039566,
          -0.9855479598045349,
          -0.15371794998645782
        ],
        [
          0.9446258544921875,
          0.11609292030334473,
          -0.30692756175994873
        ]
      ],
      "T": [
        0.0,
        0.0,
        3.5
      ]
    },
    {
      "index": 49,
      "file": "images/0049.png",
      "elevation": -6.666666666666664,
      "azimuth": 324.0,
      "R": [
        [
          0.8118667602539062,
          -0.07602933049201965,
          0.5788713097572327
        ],
        [
          0.006109739188104868,
          -0.9903242588043213,
          -0.1386387199163437
        ],
        [
          0.5838108658790588,
          0.11609291285276413,
          -0.8035467267036438
        ]
      ],
      "T": [
        2.384185791015625e-07,
        -5.960464477539063e-08,
        3.5
      ]
    },
    {
      "index": 50,
      "file": "images/0050.png",
      "elevation": 6.666666666666671,
      "azimuth": 0.0,
      "R": [
        [
          1.0,
          0.0,
          0.0
        ],
        [
          -0.0,
          -0.9932383894920349,
          0.11609291285276413
        ],
        [
          -0.0,
          -0.11609290540218353,
          -0.9932383298873901
        ]
      ],
      "T": [
        0.0,
        0.0,
        3.5
      ]
    },
    {
      "index": 51,
      "file": "images/0051.png",
      "elevation": 6.666666666666671,
      "azimuth": 36.0,
      "R": [
        [
          0.8011690378189087,
          0.07792996615171432,
          -0.5933423042297363
        ],
        [
          0.13150320947170258,
          -0.9901764392852783,
          0.0475136861205101
        ],
        [
          -0.5838108658790588,
          -0.11609291285276413,
          -0.8035467267036438
        ]
      ],
      "T": [
        -2.384185791015625e-07,
        -2.9802322387695312e-08,
        3.5
      ]
    },
    {
      "index": 52,
      "file": "images/0052.png",
      "elevation": 6.666666666666671,
      "azimuth": 72.0,
      "R": [
        [
          0.29273736476898193,
          0.12451758235692978,
          -0.9480507373809814
        ],
        [
          0.14827986061573029,
          -0.9854024052619934,
          -0.0836377888917923
        ],
        [
          -0.9446258544921875,
          -0.11609292030334473,
          -0.30692756175994873
        ]
      ],
      "T": [
        0.0,
        -2.9802322387695312e-08,
        3.5
      ]
    },
    {
      "index": 53,
      "file": "images/0053.png",
      "elevation": 6.666666666666671,
      "azimuth": 108.0,
      "R": [
        [
          -0.3203373849391937,
          0.12335999310016632,
          -0.9392370581626892
        ],
        [
          0.0711761862039566,
          -0.9855479598045349,
          -0.15371794998645782
        ],
        [
          -0.9446258544921875,
          -0.11609292030334473,
          0.30692756175994873
        ]
      ],
      "T": [
        0.0,
        0.0,
        3.5
      ]
    },
    {
      "index": 54,
      "file": "images/0054.png",
      "elevation": 6.666666666666671,
      "azimuth": 144.0,
      "R": [
        [
          -0.8118667602539062,
          0.07602933049201965,
          -0.5788713097572327
        ],
        [
          0.006109739188104868,
          -0.9903242588043213,
          -0.1386387199163437
        ],
        [
          -0.5838108658790588,
          -0.11609291285276413,
          0.8035467267036438
        ]
      ],
      "T": [
        2.384185791015625e-07,
        5.960464477539063e-08,
        3.5
      ]
    },
    {
      "index": 55,
      "file": "images/0055.png",
      "elevation": 6.666666666666671,
      "azimuth": 180.0,
      "R": [
        [
          -1.0,
          1.5841397122368362e-17,
          -1.2061307123581888e-16
        ],
        [
          -1.731961416513916e-18,
          -0.9932383894920349,
          -0.11609291285276413
        ],
        [
          -1.216366046734573e-16,
          -0.11609290540218353,
          0.9932383298873901
        ]
      ],
      "T": [
        2.6469779601696886e-23,
        0.0,
        3.5
      ]
    },
    {
      "index": 56,
      "file": "images/0056.png",
      "elevation": 6.666666666666671,
      "azimuth": 216.0,
      "R": [
        [
          -0.8118667602539062,
          -0.07602933049201965,
          0.5788713097572327
        ],
        [
          -0.006109739188104868,
          -0.9903242588043213,
          -0.1386387199163437
        ],
        [
          0.5838108658790588,
          -0.11609291285276413,
          0.8035467267036438
        ]
      ],
      "T": [
        -2.384185791015625e-07,
        5.960464477539063e-08,
        3.5
      ]
    },
    {
      "index": 57,
      "file": "images/0057.png",
      "elevation": 6.666666666666671,
      "azimuth": 252.0,
      "R": [
        [
          -0.3203373849391937,
          -0.12335999310016632,
          0.9392370581626892
        ],
        [
          -0.0711761862039566,
          -0.9855479598045349,
          -0.15371794998645782
        ],
        [
          0.9446258544921875,
          -0.11609292030334473,
          0.30692756175994873
        ]
      ],
      "T": [
        0.0,
        0.0,
        3.5
      ]
    },
    {
      "index": 58,
      "file": "images/0058.png",
      "elevation": 6.666666666666671,
      "azimuth": 288.0,
      "R": [
        [
          0.29273736476898193,
          -0.12451758235692978,
          0.9480507373809814
        ],
        [
          -0.14827986061573029,
          -0.9854024052619934,
          -0.0836377888917923
        ],
        [
          0.9446258544921875,
          -0.11609292030334473,
          -0.30692756175994873
        ]
      ],
      "T": [
        0.0,
        -2.9802322387695312e-08,
        3.5
      ]
    },
    {
      "index": 59,
      "file": "images/0059.png",
      "elevation": 6.666666666666671,
      "azimuth": 324.0,
      "R": [
        [
          0.8011690378189087,
          -0.07792996615171432,
          0.5933423042297363
        ],
        [
          -0.13150320947170258,
          -0.9901764392852783,
          0.0475136861205101
        ],
        [
          0.5838108658790588,
          -0.11609291285276413,
          -0.8035467267036438
        ]
      ],
      "T": [
        2.384185791015625e-07,
        -2.9802322387695312e-08,
        3.5
      ]
    },
    {
      "index": 60,
      "file": "images/0060.png",
      "elevation": 20.0,
      "azimuth": 0.0,
      "R": [
        [
          1.0,
          0.0,
          0.0
        ],
        [
          -0.0,
          -0.9396926760673523,
          0.3420201539993286
        ],
        [
          -0.0,
          -0.3420201241970062,
          -0.9396926164627075
        ]
      ],
      "T": [
        0.0,
        0.0,
        3.5
      ]
    },
    {
      "index": 61,
      "file": "images/0061.png",
      "elevation": 20.0,
      "azimuth": 36.0,
      "R": [
        [
          0.6832226514816284,
          0.33678409457206726,
          -0.6479067802429199
        ],
        [
          0.4776296615600586,
          -0.8772677779197693,
          0.04765743762254715
        ],
        [
          -0.5523374676704407,
          -0.3420201241970062,
          -0.7602272629737854
        ]
      ],
      "T": [
        0.0,
        -1.4901161193847656e-08,
        3.499999761581421
      ]
    },
    {
      "index": 62,
      "file": "images/0062.png",
      "elevation": 20.0,
      "azimuth": 72.0,
      "R": [
        [
          0.11109782010316849,
          0.4583601951599121,
          -0.8817954063415527
        ],
        [
          0.434690922498703,
          -0.8203220367431641,
          -0.3716391921043396
        ],
        [
          -0.8937007784843445,
          -0.3420201241970062,
          -0.29038098454475403
        ]
      ],
      "T": [
        -5.960464477539063e-08,
        -2.9802322387695312e-08,
        3.499999761581421
      ]
    },
    {
      "index": 63,
      "file": "images/0063.png",
      "elevation": 20.0,
      "azimuth": 108.0,
      "R": [
        [
          -0.4214986264705658,
          0.4182434678077698,
          -0.8046187162399292
        ],
        [
          0.1537458747625351,
          -0.8414835929870605,
          -0.5179455876350403
        ],
        [
          -0.8937007784843445,
          -0.3420201241970062,
          0.29038098454475403
        ]
      ],
      "T": [
        -5.960464477539063e-08,
        -1.1920928955078125e-07,
        3.499999761581421
      ]
    },
    {
      "index": 64,
      "file": "images/0064.png",
      "elevation": 20.0,
      "azimuth": 144.0,
      "R": [
        [
          -0.833212673664093,
          0.2550302743911743,
          -0.4906283915042877
        ],
        [
          -0.026076190173625946,
          -0.9044234752655029,
          -0.42583829164505005
        ],
        [
          -0.5523374676704407,
          -0.3420201241970062,
          0.7602272629737854
        ]
      ],
      "T": [
        1.1920928955078125e-07,
        1.1920928955078125e-07,
        3.499999761581421
      ]
    },
    {
      "index": 65,
      "file": "images/0065.png",
      "elevation": 20.0,
      "azimuth": 180.0,
      "R": [
        [
          -1.0,
          5.3530040429303525e-17,
          -1.0298133928489178e-16
        ],
        [
          -1.5080094828160282e-17,
          -0.9396926760673523,
          -0.3420201539993286
        ],
        [
          -1.1507915352850032e-16,
          -0.3420201241970062,
          0.9396926164627075
        ]
      ],
      "T": [
        0.0,
        0.0,
        3.5
      ]
    },
    {
      "index": 66,
      "file": "images/0066.png",
      "elevation": 20.0,
      "azimuth": 216.0,
      "R": [
        [
          -0.833212673664093,
          -0.2550302743911743,
          0.4906283915042877
        ],
        [
          0.026076190173625946,
          -0.9044234752655029,
          -0.42583829164505005
        ],
        [
          0.5523374676704407,
          -0.3420201241970062,
          0.7602272629737854
        ]
      ],
      "T": [
        -1.1920928955078125e-07,
        1.1920928955078125e-07,
        3.499999761581421
      ]
    },
    {
      "index": 67,
      "file": "images/0067.png",
      "elevation": 20.0,
      "azimuth": 252.0,
      "R": [
        [
          -0.4214986264705658,
          -0.4182434678077698,
          0.8046187162399292
        ],
        [
          -0.1537458747625351,
          -0.8414835929870605,
          -0.5179455876350403
        ],
        [
          0.8937007784843445,
          -0.3420201241970062,
          0.29038098454475403
        ]
      ],
      "T": [
        5.960464477539063e-08,
        -1.1920928955078125e-07,
        3.499999761581421
      ]
    },
    {
      "index": 68,
      "file": "images/0068.png",
      "elevation": 20.0,
      "azimuth": 288.0,
      "R": [
        [
          0.11109782010316849,
          -0.4583601951599121,
          0.8817954063415527
        ],
        [
          -0.434690922498703,
          -0.8203220367431641,
          -0.3716391921043396
        ],
        [
          0.8937007784843445,
          -0.3420201241970062,
          -0.29038098454475403
        ]
      ],
      "T": [
        5.960464477539063e-08,
        -2.9802322387695312e-08,
        3.499999761581421
      ]
    },
    {
      "index": 69,
      "file": "images/0069.png",
      "elevation": 20.0,
      "azimuth": 324.0,
      "R": [
        [
          0.6832226514816284,
          -0.33678409457206726,
          0.6479067802429199
        ],
        [
          -0.4776296615600586,
          -0.8772677779197693,
          0.04765743762254715
        ],
        [
          0.5523374676704407,
          -0.3420201241970062,
          -0.7602272629737854
        ]
      ],
      "T": [
        0.0,
        -1.4901161193847656e-08,
        3.499999761581421
      ]
    },
    {
      "index": 70,
      "file": "images/0070.png",
      "elevation": 33.33333333333334,
      "azimuth": 0.0,
      "R": [
        [
          0.9999999403953552,
          0.0,
          0.0
        ],
        [
          -0.0,
